84
151.5909 84.1143 12.4246
80.9868 156.7597 13.8441
60.6625 95.3194 10.3715
100.9374 56.3676 11.2703
151.1608 123.6738 12.4922
196.5571 162.0434 14.9674
180.4332 62.0295 12.1957
136.7968 94.4285 10.1112
20.1402 86.8344 10.5932
193.3213 95.4020 10.9046
173.0620 52.0985 12.9809
2.8083 143.9409 11.1649
79.7647 164.9690 12.4735
98.7156 173.5206 12.4532
48.7822 65.0409 13.0031
113.5021 47.7232 11.9674
193.5081 160.6359 12.0637
64.0109 101.5881 12.6480
186.5668 21.8116 10.8289
109.4882 162.8934 11.9423
108.0567 192.7677 11.3064
88.9978 119.2574 11.5958
76.9802 115.1302 12.3172
37.3459 122.5546 13.2058
131.3319 95.3062 14.1003
175.3541 184.6762 13.5131
168.4920 179.6346 13.7425
78.2592 141.0567 11.8480
55.1268 162.3257 13.8978
117.9602 189.9530 10.5630
115.9390 90.1126 10.4897
183.3882 158.6650 9.3214
16.4746 122.5566 10.9190
169.0155 48.6071 12.6350
146.2978 23.4269 12.8694
66.5072 163.1826 14.4672
20.1215 29.2717 12.3895
114.7732 182.0032 12.1760
106.8396 136.1178 14.0748
121.2677 115.1906 12.7667
78.2419 74.0280 12.8040
4.3273 192.2063 12.4626
36.9944 24.7790 12.9954
187.3938 4.5565 14.4591
85.1238 20.3000 12.4505
129.3851 70.0588 13.2932
36.0636 100.7273 13.0031
197.6470 39.8712 12.6271
71.7111 146.3197 13.8273
33.8849 134.5281 10.3590
193.3098 11.6102 11.5277
68.4625 50.1375 10.5556
119.3583 88.4628 13.0782
81.9811 113.8225 13.6316
101.7200 62.2892 11.1624
50.1865 112.1200 14.1771
2.4873 148.3149 12.3231
56.1766 48.0261 12.7952
190.6259 70.4451 12.2498
189.3812 126.7496 13.5315
124.2154 143.1239 11.6125
130.1666 0.3048 13.2530
38.4619 66.8803 12.6065
75.7296 175.0847 14.0989
113.6303 82.8813 11.0696
83.6453 132.4392 13.5084
9.3559 89.0704 12.4618
105.5146 97.4531 13.1580
112.2810 151.0970 13.4797
62.4116 93.3784 11.6239
161.8092 175.0033 12.7775
199.8841 126.6178 11.8291
16.6934 145.1109 13.6366
135.7030 63.2354 12.4057
42.7049 143.4648 14.5924
105.6692 19.5569 12.5310
23.7808 129.8531 13.1393
195.7030 20.0361 11.8498
170.7876 79.3392 13.2864
90.5956 158.4683 12.9410
172.2720 26.6841 10.8821
69.4106 174.3728 12.2867
55.6820 3.7149 14.1454
111.6711 189.3005 12.9298
93
181.9702 8.4009 12.4905
131.0724 142.4715 10.7511
180.5420 128.0282 11.5275
41.5688 117.4251 13.5042
1.7794 30.2046 11.5060
143.6999 67.6512 14.2198
124.1076 8.2406 14.1419
57.9062 78.9584 15.2315
109.6969 58.6814 11.6750
9.6513 35.9174 12.6144
104.6100 14.1726 11.6761
82.9443 19.8801 13.0739
181.7315 94.8009 14.1623
68.7303 95.8173 9.9112
139.9191 85.3071 11.9128
178.8800 183.9378 14.2362
125.3484 75.1143 14.0852
13.1669 16.9339 12.2444
149.9739 12.2312 13.6243
103.8007 89.7089 12.5555
97.7238 116.9777 11.9930
73.6663 197.6918 11.4346
52.1833 155.4200 11.5374
12.7716 172.7158 12.9440
140.4008 180.6021 10.8864
23.7821 79.5907 13.0063
41.4464 8.4203 13.2431
29.2709 39.5940 12.2480
75.6064 109.2783 14.4569
196.5978 29.6804 15.2415
81.1814 135.9859 13.4458
183.4093 64.4921 11.5852
99.6882 99.7293 12.1362
121.9541 43.7546 11.8376
68.0441 192.5133 14.1728
7.0937 29.6734 11.2687
51.3764 156.8333 13.3156
143.6263 161.4111 11.2556
13.2718 16.9286 12.7168
45.0181 8.1264 12.2659
3.0570 168.7909 12.1770
29.7639 131.2167 13.0823
193.7197 100.9999 13.5807
114.7745 135.7143 11.7261
161.0220 151.5693 14.3618
181.1561 41.2210 12.3891
107.0833 119.7229 13.0910
158.2080 77.7138 11.3525
117.2777 170.2633 12.9894
0.0481 36.3938 10.9287
101.3716 50.8919 14.5435
188.5894 60.5610 13.3938
81.6146 162.0075 13.9886
25.4642 57.4177 13.1140
165.9881 11.1054 13.6406
98.3662 172.6650 12.7620
143.4377 134.7088 14.4206
82.2280 122.3542 15.1921
77.3366 9.4066 11.8662
6.4931 123.4801 12.6172
125.9933 21.0586 11.5111
76.6828 155.2840 12.1846
98.0639 176.2553 11.5279
126.4625 67.5731 11.6946
24.8648 136.5059 11.0718
25.4218 182.3567 11.1240
159.8682 183.3775 13.6838
162.0502 103.8015 11.2790
157.0978 37.8255 12.7445
151.3232 91.0940 11.3047
157.9117 15.0679 15.0225
97.2330 180.2143 13.2267
188.9567 133.3022 11.7937
18.6952 163.8788 12.1579
177.7544 155.8791 12.1266
61.0623 22.6890 11.3865
85.1940 113.2026 14.8325
83.1282 19.8422 11.2721
154.7637 146.8559 13.7013
137.2836 6.0268 12.7347
183.8565 192.4485 12.4219
14.0659 71.8507 12.0517
5.8755 69.5755 15.5387
163.8013 14.1035 12.6905
178.6870 41.5956 12.9719
187.6525 24.6376 14.1164
1.4369 73.8260 14.0147
171.8351 37.3983 12.7365
22.4782 68.8899 13.0747
193.3039 72.4480 12.3493
94.6741 58.5264 15.1160
127.1831 36.8091 11.4092
198.5904 20.5161 11.9267
89
189.1357 160.8781 12.1808
63.1783 48.5677 12.5285
83.9571 9.2511 11.5673
26.4468 4.1099 12.8872
84.0463 110.1554 12.7063
148.1758 28.4567 11.0861
16.9111 88.9622 13.2522
73.8512 189.7864 13.5778
83.4451 145.6361 12.9100
64.1342 40.7981 12.1588
190.0537 159.3034 13.7226
55.3940 111.6363 11.7409
89.2329 79.7554 10.6444
153.5281 86.3433 12.5159
187.4209 28.5135 13.7365
92.4871 127.4607 11.7450
0.3686 139.7983 12.5796
123.7471 1.5553 11.9218
125.7841 109.0416 14.3360
31.2442 141.2588 10.8332
152.0180 46.4725 12.8024
152.3990 56.0177 13.0681
176.7436 8.1094 12.4428
51.3152 105.2204 11.5152
20.4063 50.5216 11.9455
56.6793 151.0446 13.7716
7.0902 158.4473 11.6792
61.1208 67.9781 11.6638
183.9956 32.7110 12.3395
82.9661 57.9384 11.0418
125.4279 106.2752 12.3173
82.1609 126.9188 10.8954
157.6355 58.4508 13.6141
74.3609 125.7622 13.4584
76.2856 118.2125 13.9505
27.9066 133.6517 11.7259
83.0215 95.3430 13.5102
138.9391 63.6480 12.2711
60.0370 149.0419 12.1762
10.4812 124.2284 13.7542
177.7090 2.0220 12.7031
105.3656 13.2914 13.6498
148.3908 133.8015 11.2302
1.2847 8.2356 9.2238
174.6294 139.9372 9.3893
145.4200 45.3374 12.5094
21.0921 92.1790 11.5729
66.0392 33.6511 10.3848
87.0541 89.4584 13.6334
141.7656 104.8324 14.2003
88.8249 157.8675 14.2931
77.7750 161.3692 11.8902
39.2389 188.0069 13.0075
117.3061 9.9587 11.8725
16.9314 37.3512 13.0302
11.3981 127.6147 13.2157
122.5013 140.9847 13.8698
102.4237 56.8848 13.2538
91.6589 126.3759 11.7691
103.2249 191.2937 14.9886
186.8153 116.1920 11.7722
98.0404 140.8234 12.6907
8.7615 32.5715 13.3637
0.7749 130.9255 13.7566
136.1008 194.1352 14.0269
79.3029 184.2784 11.5184
20.4678 176.5664 12.7939
158.9580 64.5858 11.5406
5.7658 8.8705 12.7739
73.7408 41.9183 11.7830
40.3243 134.5336 12.3887
147.1205 62.4464 13.0498
68.7881 142.4961 11.8354
8.9006 186.8367 13.6237
144.9210 9.4937 13.0491
161.8005 195.7787 11.9532
16.2954 19.7461 12.6385
153.0883 82.8026 13.5598
15.4287 85.3871 11.9107
150.9656 165.8677 13.1880
98.0027 25.6171 12.6737
174.2185 186.8922 11.9910
111.4108 57.1012 13.5888
108.2151 40.2370 12.1491
120.9340 107.2330 13.6630
52.1976 46.3576 13.9453
19.7802 146.5770 13.8357
49.7547 56.9114 12.3558
148.3843 103.0566 10.8547
85
24.3588 129.0394 13.8547
71.7809 134.9764 13.7443
140.6968 132.1217 12.8776
48.0272 103.6307 14.5904
134.9292 46.7206 11.8605
34.2765 161.9498 11.8316
110.6246 65.5769 12.2812
25.9646 79.1162 12.3698
195.1513 102.0949 14.1980
156.2888 154.9604 13.3848
113.8996 139.1397 12.9158
163.2348 151.9933 14.2792
70.6925 118.2056 10.8333
21.6028 166.7868 10.7476
105.2871 71.7228 12.3275
44.0147 130.5527 12.5494
132.1699 98.9398 13.7333
62.7887 169.5562 12.1276
51.8317 120.8612 11.8972
157.0738 76.8185 10.4997
11.8361 7.6576 12.0765
68.6331 88.2390 9.6578
145.1596 131.5662 12.3935
60.9805 71.2716 14.1755
107.9027 146.4628 12.6380
125.5660 4.9129 12.6930
8.9926 45.1551 12.2629
12.4812 194.4186 12.1564
84.5306 178.4858 12.7511
71.6070 35.3871 13.6760
65.7626 197.3592 12.4813
81.8569 52.7482 11.3952
106.2673 147.1274 12.0140
8.3878 184.3016 11.3442
81.7868 78.0598 13.1135
173.7707 102.7869 12.5120
146.4870 29.6336 11.4616
164.1317 49.3589 14.3875
4.3951 161.2934 13.4667
136.7318 33.6630 14.2286
15.6977 185.5299 11.2209
91.5024 30.0142 11.5965
120.3940 50.4946 13.1287
5.4534 186.4846 10.7840
7.2632 17.9239 12.3293
47.2290 71.1619 13.1202
147.0999 80.9423 12.3371
78.5186 62.1528 13.7998
180.1083 110.0897 14.4175
114.0999 52.4893 12.2250
137.3687 91.1835 12.2954
99.2010 4.1368 11.3743
147.9917 6.8547 11.8735
155.1835 57.9555 11.1526
137.2222 41.4196 11.4912
195.6909 194.3733 12.3123
41.7939 113.2076 11.0836
184.9052 117.2292 15.0979
144.0169 136.2650 10.9845
179.8907 66.1317 14.4960
149.4790 1.8184 13.0877
190.4613 72.6386 11.1730
125.1426 64.6005 12.8118
197.4942 0.2026 11.0078
28.1517 8.7203 14.3218
189.7217 96.0825 14.3413
189.3379 163.6775 12.8337
37.5309 109.7755 10.6642
84.7758 189.9576 12.8161
131.7724 31.4804 13.1093
22.0107 100.7846 12.9432
150.9508 53.1517 11.0320
56.9926 85.7407 14.2869
189.2508 107.5741 12.3971
110.9120 198.0181 13.2236
158.3028 168.9483 14.3273
150.0105 31.0666 11.1478
112.6570 72.1883 10.3356
189.9040 112.3197 11.1807
160.8250 45.6604 13.3184
3.1384 105.8190 14.0849
126.1816 125.5630 11.8881
99.3979 146.1839 12.5120
54.8945 188.9890 14.8723
185.2993 15.5849 10.7403
44
101.7798 161.3648 13.0941
140.9984 191.6008 13.8057
185.5973 126.9498 14.6917
188.0782 50.5371 13.9281
121.9378 18.1258 11.1888
6.0269 2.1939 12.4933
77.3250 155.0893 14.4072
125.1285 77.8524 12.7297
93.0626 165.9705 12.2846
25.3627 142.0975 12.3824
94.7450 104.3385 12.7201
8.3173 113.1839 12.4386
38.1547 22.1621 12.5874
108.1244 8.6240 14.4548
189.0595 62.9602 11.5520
181.0535 196.8625 12.5834
134.1779 119.1326 11.6015
80.8407 61.2196 13.0416
26.7912 96.1786 12.7139
128.3787 152.8137 14.5065
8.6942 110.9894 13.1065
148.8296 126.2443 13.4831
117.1767 16.5598 12.1784
111.9593 162.6598 12.7620
140.0811 50.7764 13.3348
51.8491 187.1031 13.1534
180.0325 110.5453 12.4940
7.7202 117.1005 12.3142
151.5384 163.5600 12.2709
14.3286 129.6800 11.6999
91.7341 31.8779 12.7240
66.7332 131.0415 11.0822
108.6886 164.1188 12.7110
68.6766 162.5924 13.5416
70.4640 90.3161 13.0725
166.7020 102.4799 14.7296
23.7693 63.3783 12.3210
4.5451 146.7507 14.8272
38.6686 82.7673 12.7821
12.4079 62.2510 12.2168
153.5101 142.2699 12.7358
71.5767 167.0385 12.8314
70.9961 180.3683 12.6753
151.2935 134.4635 10.6254
41
6.1377 160.4809 11.7203
38.0987 77.5318 12.1387
70.1569 35.4174 12.9503
123.2028 130.6869 13.7377
110.8105 174.3326 12.6064
99.2063 16.0901 14.6222
158.1459 171.6896 13.2151
52.4485 129.5995 14.2364
66.7226 191.0294 13.6915
94.2765 6.6135 13.8263
57.4163 7.3608 11.6472
75.3373 31.3721 11.8948
34.9229 184.1739 12.3106
128.0240 48.5163 13.6407
189.1199 96.5834 11.4139
177.5802 135.6888 13.3021
56.3153 34.0033 12.7285
47.6374 45.2080 13.4054
175.3024 27.5996 11.6319
112.9837 2.6935 12.6083
77.9815 160.3172 12.4493
199.9763 3.9019 13.1032
7.6364 155.4239 11.2991
22.3805 122.2948 12.7980
75.9749 5.2883 10.8431
87.2528 182.7389 12.0772
27.5662 102.0505 13.2366
106.6697 14.6096 11.1198
193.2101 86.3082 13.4034
87.2071 94.2268 12.6762
129.0529 79.4118 13.6137
116.2751 167.1165 14.8398
74.3593 4.3454 12.4701
122.3209 94.9101 12.5263
64.3140 159.6143 12.8216
192.8238 21.3320 12.7556
142.6952 5.3591 12.2528
84.2099 174.0462 10.4978
142.6390 120.8369 14.0916
32.2758 68.0992 11.2257
199.2076 56.7419 13.2964
50
186.6896 69.0842 11.1750
126.0539 150.6861 11.1136
39.1386 191.4675 13.1603
59.2085 126.8846 13.8350
58.2221 86.2427 12.1320
145.5752 69.3755 11.6888
26.4312 122.6257 13.1028
79.6795 15.2338 13.5305
142.1540 136.1647 12.7453
110.7834 33.8466 11.1098
41.4928 45.6499 10.4463
71.3948 176.3744 12.1707
147.1757 143.2894 12.2119
192.5581 170.9221 12.9860
81.7736 172.6436 13.3304
100.3123 66.3580 11.8904
139.0315 182.4335 14.3478
61.0485 176.0987 12.3200
198.5239 69.3052 13.7774
192.9271 199.1712 12.0735
162.5884 136.6874 12.5634
119.0942 140.8920 12.5920
187.1076 103.4240 11.9676
40.9840 128.8600 10.9655
196.3442 22.2370 11.9151
75.1709 158.6696 11.0614
2.0972 178.4823 13.0290
21.6278 90.5257 11.3258
116.8506 50.7767 10.5617
184.5464 112.3290 12.6644
165.4484 15.5866 14.0700
33.6003 165.4975 10.5115
169.9132 175.7318 10.9687
41.6166 141.6263 12.3345
81.0035 4.2338 13.2414
177.0360 112.9885 13.3332
183.2514 185.8968 13.7812
66.9056 101.3590 13.2774
91.1050 95.9887 14.2081
98.0560 128.9975 13.7709
94.5358 36.2037 11.8586
170.4359 166.3208 12.3310
28.7278 13.7688 13.5220
190.6083 111.2281 12.9692
53.1053 45.9298 12.9759
162.3727 27.7267 12.8981
172.8123 164.5996 13.4393
1.4111 172.4072 13.5902
111.6554 151.0681 10.7804
186.2478 111.9092 12.6044
87
68.6091 19.5065 13.3062
167.7174 62.2991 12.5261
44.9232 99.1261 13.7678
68.1743 15.5004 12.0606
114.7334 45.2514 11.7582
151.6369 46.3258 13.3152
187.1784 148.4776 10.1975
71.8336 76.8680 12.7744
25.8738 155.7112 11.4222
94.1937 131.2364 13.2708
74.7877 183.1723 11.5342
80.1756 153.2591 12.9403
198.6113 173.3029 11.5739
89.1974 68.8031 12.6186
48.7064 37.3882 13.7727
21.9950 76.7813 12.1378
77.7434 102.7069 15.5594
113.1788 123.6183 12.1143
135.1258 100.4444 11.5257
136.7843 18.3791 12.5817
63.4290 178.1957 12.9173
196.8339 115.0765 15.4164
8.0872 18.6956 12.8075
22.6216 159.4422 13.4524
72.8309 46.7467 13.5636
0.9013 23.2983 12.7996
120.9291 186.9891 13.0785
39.5411 0.2990 14.2566
179.3076 169.2217 13.1416
46.8602 185.6643 12.7862
76.3858 161.4764 11.4861
153.0696 123.1522 12.9326
53.8635 116.5621 11.8974
135.4358 128.1494 10.4803
119.1805 18.4102 14.1775
54.5742 138.4701 11.8983
124.1635 131.7703 11.4368
132.0054 40.3312 13.5122
101.6024 24.0683 14.4505
24.9094 178.6534 14.0234
93.9598 90.9805 11.8757
75.4465 112.9966 13.4862
67.1187 164.3952 12.5877
96.1103 187.0163 13.3458
4.7831 144.6827 13.6453
152.8414 89.2158 12.5432
85.8978 50.6434 11.7000
56.7043 130.6587 12.6262
119.8894 185.9091 13.8416
17.5113 59.9806 12.2342
103.5610 134.6326 13.1162
7.3369 174.0071 12.2834
161.0329 153.1497 10.8397
82.2938 38.4103 12.8319
78.1788 157.4093 13.4177
177.5334 136.4169 9.7837
104.1824 144.7854 13.5383
142.5153 118.8971 14.8270
86.8083 126.7083 10.7206
114.1473 42.6754 10.8772
88.2759 48.5937 14.2918
111.1638 39.2783 11.2815
8.7084 26.8339 10.9212
44.7996 136.9041 13.0884
172.3899 151.4482 11.0535
197.6735 177.0823 13.2310
67.6299 137.0894 13.2450
71.3068 87.6293 13.7280
87.7798 132.6466 13.2176
29.3170 150.8309 11.4582
150.3286 190.7690 11.5120
108.1191 178.4247 13.2758
140.8433 4.2556 13.0846
117.0948 174.7817 14.6277
82.2798 42.0936 16.2415
27.2763 128.5938 12.5974
97.9418 76.0299 12.0581
194.0068 98.5474 12.3948
3.0579 83.8687 12.5440
149.0045 153.4725 11.5279
47.8241 193.5945 14.7112
102.5298 30.6759 12.8915
51.6786 118.7035 12.1180
43.9057 76.8123 14.6137
101.3626 67.9546 12.8956
17.7954 30.9570 11.7132
125.3891 112.7125 15.7697
47
63.8874 145.8325 13.8736
4.8584 86.8498 11.0255
152.3276 177.0318 10.0276
23.7812 85.9541 13.3786
76.8594 68.7642 12.6779
74.7482 160.6160 13.2782
108.3842 67.7490 14.4491
110.4472 32.2847 12.2631
172.5950 66.3162 12.5068
68.8086 199.0304 11.6150
158.1313 13.5329 11.7349
114.1008 104.1402 13.4615
97.0545 104.0452 11.3559
156.3795 69.4642 10.8513
199.1111 138.7368 11.8736
192.3742 79.8065 11.0573
69.6832 53.8350 11.3250
194.5666 69.7068 14.7002
43.2136 165.6438 12.4987
196.7254 55.3640 11.5131
16.6564 163.8664 10.8442
61.6721 141.2764 12.7861
122.3426 58.4809 12.4073
22.9318 142.3710 13.8373
69.2688 89.8179 12.3229
82.9236 106.3804 12.1124
195.8855 199.3415 12.7488
34.8269 48.2080 10.8923
6.2690 167.0995 13.1724
127.6867 53.8587 13.6396
63.3849 109.5692 11.2996
195.8475 9.6866 11.9351
138.4634 28.0037 10.3850
119.4299 157.1910 11.2035
50.6936 62.5497 13.2277
161.7140 97.8996 11.9534
74.8942 104.1442 12.6821
46.2025 161.5871 11.8816
61.6595 164.8927 13.0543
180.8287 192.0596 14.3752
105.0968 24.9120 12.6796
49.3067 56.3382 11.4539
187.3578 11.6710 13.2185
141.8339 170.8212 11.9683
44.2617 60.1678 13.1654
29.0596 110.3356 12.4993
46.5267 164.1264 12.7645
41
176.7073 188.7231 12.5602
176.2134 116.2841 13.9403
33.6001 49.5906 13.4461
173.5406 159.0025 12.4263
148.3969 144.3885 13.0423
12.4733 33.5620 10.3870
101.1059 42.4979 11.2169
25.3543 17.1922 12.2282
2.3306 165.0072 15.0015
196.7664 149.1393 13.9111
90.0767 55.1577 11.6173
79.2590 145.2392 13.0413
178.5052 31.5430 12.5356
9.0692 170.8401 13.2714
102.2551 13.4070 11.3382
155.5912 152.2795 12.9079
26.8978 125.3751 12.3149
29.5472 133.3697 12.4887
73.4052 192.7371 10.7824
26.7235 95.8897 12.4811
146.8243 166.6963 12.8523
94.7054 88.0745 13.5751
95.0883 59.1800 13.3968
69.8001 127.5720 10.1807
76.1412 115.7504 12.0546
134.9164 151.4291 11.2495
168.6591 37.7620 12.7835
101.9314 161.5451 13.8221
103.4767 180.0105 12.7307
165.2652 95.1712 11.1834
68.3430 86.6847 10.9300
10.4314 145.9017 12.9432
193.6466 91.7635 13.1849
20.6428 51.2707 12.8158
158.7814 0.2099 14.3676
37.0006 34.7173 10.5988
193.1526 72.0760 12.5573
198.1583 3.2980 12.3599
121.5141 185.6901 12.9740
164.4161 78.6095 11.6538
99.9613 72.6556 11.5913
78
139.8982 153.6156 13.6758
2.8547 106.3387 12.0368
184.1704 39.3616 13.1146
36.8950 35.7628 11.6552
101.1267 117.3604 11.2034
188.1153 172.2420 12.8117
179.4826 6.2701 12.2908
129.5286 186.1664 11.3272
66.3486 183.2247 12.4818
185.1939 123.8251 12.2731
27.6350 195.8002 11.5015
131.4044 54.8775 14.0257
66.1170 179.1626 12.2788
15.5801 160.8307 12.7889
51.7888 142.9651 12.9526
121.6017 84.2557 13.8805
153.2570 137.2533 14.6468
162.5818 154.8491 13.9745
167.7451 149.3512 13.7582
96.4555 137.2891 14.0474
52.4456 157.0253 13.6244
127.0568 101.8157 12.0679
8.1796 2.9650 12.4005
155.1085 27.6991 13.2949
195.5406 177.1849 13.2739
62.6578 163.9597 13.4658
115.8412 197.2494 13.0718
9.7414 82.4842 12.7330
119.8165 79.8787 12.3712
112.0537 140.6699 10.5226
191.1429 197.0118 13.8133
10.9557 167.3659 12.9553
188.2859 25.4228 12.0636
41.4628 191.1093 13.2169
57.5617 50.5431 11.2111
80.6277 1.7987 12.2603
154.7704 14.0327 12.2234
2.0509 56.9314 12.8023
101.4606 187.6595 10.3944
22.9034 66.4439 12.4397
29.0721 115.6722 11.5075
12.5148 74.6034 12.4754
97.0364 107.1405 13.5099
16.8715 63.1056 11.6487
96.0071 85.1744 13.2630
14.8055 43.8649 11.1971
102.2881 29.6380 10.8358
14.0934 31.1788 11.4166
132.8514 104.8719 13.4667
113.0581 70.4467 11.5832
80.4251 162.9825 10.9365
148.7864 180.9488 11.4872
155.4407 7.5187 12.7147
76.7753 195.4386 11.7615
49.9539 15.3894 13.6279
22.1903 87.0420 11.4637
103.7364 22.3302 11.5390
8.0519 71.7392 13.1626
53.8523 96.6282 12.2496
182.8414 189.3949 14.1254
47.2316 130.8963 12.5133
148.5693 177.4279 11.6141
156.8960 32.1432 10.5074
8.7386 147.7557 8.6068
32.9781 77.0540 11.8603
57.5567 175.7395 10.0231
141.4380 199.7612 12.7546
119.9558 195.2318 13.0622
115.6782 195.6592 13.5766
113.5760 173.0530 11.5678
78.2883 73.7268 11.5258
59.0436 42.2740 13.8567
173.1739 176.9928 12.1750
188.4600 47.6334 11.6656
64.4108 28.7856 13.8572
151.9718 110.0784 10.7751
22.9481 184.3818 12.0971
95.9646 138.3658 11.2609
70
17.7591 99.3466 11.5959
42.0579 77.9368 11.4513
81.3426 146.1740 12.4225
8.6655 191.3187 11.9659
111.4438 16.1871 12.0915
100.2947 137.7263 11.6445
134.7428 187.0570 12.9719
174.7272 77.0736 12.8636
11.7441 196.6374 12.0791
152.5817 122.9977 11.5982
179.8164 170.5501 12.1509
96.3430 44.0766 11.6921
199.1013 158.0756 10.8795
18.2494 197.9882 13.4078
66.1862 146.5855 11.3223
119.3243 19.1531 12.2906
157.7393 164.7172 12.4117
146.0231 18.2957 11.5463
25.6786 178.4181 11.9106
188.4588 184.4567 10.2941
39.5672 59.0968 12.0617
181.7422 118.0748 12.5892
45.6624 99.2014 13.0872
60.6978 146.8843 12.4393
179.6425 132.7679 12.9506
194.8129 36.3994 12.6438
107.5644 95.9485 12.3476
25.2393 163.0237 12.1857
139.8827 170.4721 14.8854
173.2962 158.3566 12.4914
28.6860 41.4264 12.3988
115.4965 0.6749 13.4039
8.2129 63.7493 13.4287
43.9977 34.8814 11.5563
46.2885 129.8318 14.6218
146.7996 135.0561 12.8919
54.4314 107.7293 13.4675
193.8070 43.5745 12.1082
75.1134 190.8346 12.3662
181.6955 19.0412 13.5716
183.5847 92.1631 11.0733
84.5110 179.2306 10.6445
35.5284 13.6867 12.0711
88.0988 65.4103 11.4692
172.5176 147.1210 12.4230
76.7914 25.1733 12.1495
30.3891 6.9570 11.1403
123.3400 103.2496 11.4621
93.7424 78.2852 11.9674
17.5451 107.0610 13.7153
149.8836 33.5858 13.6645
40.3023 48.1422 11.5640
177.5061 109.5934 11.8333
105.1273 43.6988 14.6529
19.9278 26.0450 13.8826
39.0617 115.3653 11.7321
78.9795 128.2055 11.5832
52.4189 160.0901 11.5258
5.7753 69.0749 11.3217
153.7720 41.1815 10.6223
88.1081 103.5895 10.0951
42.4080 1.4034 12.6069
120.8543 167.1859 13.7667
58.0038 65.8089 12.1952
142.9045 175.4570 10.8660
17.7363 24.8973 10.9511
130.8143 46.0195 12.5356
27.2192 184.2872 12.5133
56.5825 103.4400 12.7130
126.6708 147.8418 13.3172
32
144.9367 71.8988 13.5616
162.2287 38.3239 13.8651
84.7690 145.1314 12.4545
75.7691 7.0958 11.6364
132.2423 105.3429 12.8365
166.0196 97.8558 12.8575
114.5246 52.9748 13.0286
42.3199 188.3565 14.1049
107.2455 187.3816 14.4226
167.8066 59.7757 12.0333
73.3343 185.3455 12.5884
20.1999 49.1274 14.6542
136.7175 117.8690 13.0926
93.1306 52.0087 10.9965
158.5999 32.4948 11.6000
125.0607 135.7652 10.9162
103.5567 190.9280 11.6140
130.0371 125.6095 13.1241
120.2143 153.3823 12.5517
28.8516 127.3657 13.5798
164.2410 124.1228 14.0749
13.5828 55.8877 12.3453
156.0130 115.6636 13.7541
198.3912 141.6494 14.4742
11.7226 66.5714 14.9283
127.4503 78.0973 13.4343
48.3733 155.2298 12.6310
118.5108 28.7992 13.0422
63.9357 174.9447 11.9412
153.0433 84.1662 9.3925
142.1613 143.1458 12.1219
131.1564 197.6477 13.3409
44
127.1372 47.3801 12.0649
129.4568 180.6546 12.1269
89.9879 77.2635 13.5109
128.6645 10.3938 12.6542
124.4012 84.7737 11.5908
122.2578 113.7897 11.8390
1.5045 21.3954 12.4268
76.9787 51.4195 11.2365
103.0777 26.5419 12.6211
99.4818 190.0974 12.5937
67.7777 141.6999 12.6757
172.1502 21.8536 13.4508
124.4069 184.0814 12.6888
66.0847 155.8725 13.6205
49.9927 152.2357 13.6565
182.4252 88.2813 12.0958
169.8145 82.0267 11.5290
116.8156 197.2909 11.3447
19.2120 189.9242 12.0623
104.9799 140.1583 12.0326
127.4141 19.3258 11.8161
11.4577 168.1827 11.7319
105.3679 111.5805 11.9362
135.5557 0.0269 12.8063
150.6172 90.4669 12.8921
39.6793 74.8972 11.8935
109.1718 187.5067 11.4056
80.0646 20.6508 13.9128
62.4939 23.0076 13.6266
155.6362 177.7639 13.7464
148.0977 49.1669 13.4341
167.3338 136.8025 11.8634
51.5666 165.8936 12.7311
33.5616 140.9267 11.1980
3.2663 24.5403 11.8779
61.9609 126.0658 11.8633
76.7682 92.6232 13.0872
118.9166 111.9495 11.7000
161.2478 117.8031 13.3734
194.0969 120.4947 12.2197
94.5804 170.5852 13.8203
147.4999 176.1176 12.3274
54.5631 32.7617 11.6577
175.8084 180.0166 12.3912
47
157.6759 140.5913 12.7183
135.1207 4.2030 13.9582
163.7102 36.4435 13.5865
163.2760 190.2561 11.3557
6.5845 82.7886 11.6505
93.3991 190.6908 12.3377
113.4200 13.6242 12.5632
198.4039 131.9385 12.1661
188.1992 80.9895 10.8024
55.7881 15.7429 13.7681
148.7403 147.8482 12.6831
0.5750 123.3320 13.6107
153.9250 83.7761 10.5322
140.7915 140.3067 12.7914
69.2265 128.6711 12.6244
76.1933 128.9979 12.6397
56.6367 194.3474 10.5724
110.7589 125.5807 11.3887
30.8016 134.9160 11.2362
86.3075 193.7379 11.8212
198.2120 166.8000 9.5375
117.2386 120.1352 11.4387
83.7481 182.6985 12.7046
129.2610 33.9854 13.6769
88.1733 13.1649 12.7807
45.3514 66.2801 11.3739
31.1982 164.3574 13.6018
99.4223 13.8251 14.6838
6.3970 129.7966 14.0780
35.7974 130.8410 15.0097
87.4513 86.3007 12.3040
57.8880 88.0828 12.8017
95.7671 179.1452 12.4183
21.3222 23.3441 12.8631
159.5872 60.3614 11.6576
6.4613 163.9668 11.8847
11.9703 130.1666 13.5896
165.7906 43.9512 13.9558
109.6395 41.1702 11.8504
175.2137 84.7898 14.9741
73.7695 58.9180 13.1795
11.6000 6.6192 14.7105
173.5760 93.9464 13.1137
16.2495 27.8506 13.8653
159.1183 15.3664 12.0328
13.0638 155.4253 14.0575
186.8899 86.5662 13.8873
11
143.5244 89.1372 10.1461
107.9713 27.6393 12.4791
74.5023 169.9323 12.0395
101.3087 7.0190 12.4668
175.8614 49.6230 12.0254
179.2730 105.7258 8.8929
64.8294 139.7495 10.1428
48.4351 138.6910 11.7892
30.4971 81.0184 12.6834
56.7249 70.5805 11.4449
74.7308 1.5954 13.6498
69
130.4965 27.3707 13.9468
23.1664 97.9104 11.9196
193.1646 163.4688 12.5589
174.4434 34.4384 11.3581
64.7030 197.0694 10.7844
19.0149 158.6458 13.0263
37.9037 23.1479 13.1750
134.1785 48.5918 13.0869
191.4843 154.9384 10.6644
198.0062 111.4652 13.4903
78.8160 193.2631 12.7018
84.2260 54.0342 13.2771
9.3350 196.1944 10.0953
144.5362 199.1504 12.4163
135.6650 45.3461 12.3870
197.6928 186.4168 13.6327
50.6787 185.3281 11.1440
164.5230 126.7857 12.8574
113.3839 118.6599 13.1594
81.6023 162.7037 12.1219
6.0088 121.3575 11.7173
65.8796 177.9672 12.6406
39.5858 193.3458 13.9120
128.5879 150.6167 13.4577
109.3481 89.9278 11.7164
123.8156 66.9508 12.9686
154.2766 3.3398 11.5352
72.7370 95.9789 13.9640
146.7609 127.3289 11.4510
180.1497 144.9839 10.7826
152.8390 2.9577 10.6369
173.7239 37.6385 12.4881
78.4610 30.7708 11.3381
85.7729 199.8888 13.3579
128.5875 42.9351 10.8745
12.6337 186.5442 12.5629
182.2172 149.7721 12.4592
19.7491 30.8445 12.8867
180.5648 84.2360 13.2753
107.6954 84.8687 11.6667
63.0242 50.4899 12.6912
56.9795 121.5842 15.1192
102.7482 100.4246 12.8864
84.3756 146.2012 12.6278
193.0793 82.8994 10.7035
17.1287 159.6672 12.4403
98.5641 161.9548 12.2516
189.6539 69.9362 11.2986
148.8182 140.6908 12.7155
94.9805 37.0037 12.2839
71.1494 61.5724 12.3682
13.3370 19.4787 12.7947
25.7431 186.7981 11.2996
63.1295 88.0454 12.2785
156.4995 169.0640 11.8869
98.2504 141.8912 11.9190
155.0496 72.1540 9.0586
102.1382 78.7678 10.1656
19.2390 178.8426 11.9766
100.7816 29.0802 13.1771
5.3955 94.1741 12.2014
114.7339 10.1082 11.5015
112.6299 16.1901 11.4516
71.3495 26.1157 11.4393
65.9669 176.3597 12.7168
124.8490 22.0112 10.4331
73.0584 154.1046 9.3591
131.4297 95.0104 11.8555
83.5522 53.3626 12.9404
48
133.8751 177.3734 13.7519
152.3922 125.6139 14.1228
38.4149 14.3414 13.1470
58.2745 162.0794 13.2513
68.7183 32.4539 14.2372
160.6617 99.4441 12.2329
19.3798 117.2519 11.5744
17.4963 63.2224 12.8349
54.4621 71.2524 12.3721
75.7682 151.7732 11.9545
61.9377 171.1945 12.9786
129.9176 127.8833 11.9506
33.9510 111.5553 11.6751
142.5997 179.0759 12.6294
179.2969 21.1537 12.1478
92.7724 132.6361 12.8356
141.3772 11.5411 13.7063
166.9863 121.5025 13.5374
18.7825 16.3676 11.8121
149.5263 60.4260 12.1184
165.1878 180.4199 10.7811
152.8133 125.3342 12.1602
129.3591 80.7363 13.0492
32.3684 144.8771 12.0618
42.2843 104.0242 13.3619
147.1225 173.8134 11.8858
131.7307 18.1590 10.5014
199.5538 91.7319 12.2939
11.2523 69.8285 9.9097
13.0361 183.1619 12.5082
87.9949 19.9064 12.5058
26.7960 47.3727 11.9285
109.4480 132.0637 13.4599
127.4979 96.2388 11.3451
100.8609 132.5932 12.3822
124.5958 124.3480 13.4351
36.0392 39.1421 10.4685
62.3565 34.7990 11.8620
9.7094 106.0330 10.9752
109.3132 131.7907 12.2245
174.0263 63.4999 12.7301
66.1742 98.8767 11.7268
103.9267 147.5367 14.3178
161.2258 0.2797 12.8002
112.3983 3.7454 13.9703
10.9923 181.4800 14.2395
133.4981 153.1852 11.6416
146.3926 178.9719 10.8093
35
76.5627 129.8852 10.8355
73.6319 83.7450 12.1807
78.4274 7.9270 12.3795
177.1897 147.5814 11.0455
82.9808 155.0892 13.9744
186.2382 178.3223 13.1206
63.2816 56.1137 11.8470
68.4502 82.6699 14.7550
65.9383 53.2452 13.3345
106.8430 80.2676 11.6124
67.0681 80.7184 13.2206
139.3457 42.8113 11.9402
181.8424 93.3851 12.1409
147.9515 171.2817 13.6347
162.5191 25.9620 13.7546
190.2209 34.1625 12.2386
188.1828 38.5927 13.1094
168.1901 32.7631 11.8461
170.9516 132.2729 14.4116
86.8046 36.7385 14.3270
168.7339 10.8797 14.2865
17.9742 149.2823 12.9376
18.8935 187.9333 13.4411
129.2177 73.2414 13.5997
19.1604 97.6583 11.2861
40.6331 44.7558 14.5335
119.4385 88.7980 12.3575
167.9625 19.1097 13.1021
180.7931 188.0886 14.2483
53.1420 158.4939 14.3676
64.9323 89.1189 12.1525
150.9174 79.2617 11.1291
12.4612 68.6922 14.0164
185.2364 117.8383 11.1569
65.6421 96.3429 11.6573
87
11.8141 66.3138 12.5361
195.6287 112.0688 12.6179
162.3292 125.1048 12.4566
171.2811 146.9225 13.5213
148.7990 168.9238 12.4991
138.6567 158.2534 12.8772
56.6466 80.8953 11.6873
4.7549 181.0100 12.7239
163.7221 65.9118 11.9453
121.3626 97.8396 11.0504
181.4743 82.8208 13.0251
5.3322 170.2761 14.4487
31.3345 84.2358 11.8925
151.3765 172.7222 14.2451
128.3228 27.7328 10.6384
84.0316 191.8991 14.2635
71.9156 118.1758 14.4314
162.6905 18.5838 13.4767
180.8648 194.0552 13.3327
130.8606 38.2964 12.7945
52.8621 117.9823 11.4474
88.5851 103.8382 12.8093
174.7102 86.6980 12.4419
169.1470 175.2151 12.3948
104.3476 119.2157 11.2296
79.1030 142.7083 13.1238
190.9009 112.5441 11.6932
58.7270 32.5478 12.3646
161.7769 189.3902 11.5961
70.4996 75.5965 12.2236
199.7325 165.5422 13.3191
173.0167 5.5386 14.5035
164.6540 185.3228 11.8822
82.3433 15.3744 11.2370
43.1862 148.4788 11.9110
197.0365 143.2544 13.0303
162.1012 31.9193 10.6374
121.1190 121.6635 13.3487
52.0342 107.3243 11.6410
98.7201 3.3654 13.1924
98.5143 131.7087 12.7191
104.1966 114.9768 12.9812
74.5403 109.0734 12.4758
158.1306 176.7427 11.3043
178.8704 158.3978 11.3738
116.1542 2.4360 12.1320
192.5955 165.3268 12.7252
69.1945 20.0895 11.5357
144.6531 167.4594 12.0893
119.3956 163.6636 13.3192
86.1304 93.0049 12.5437
162.5479 35.1009 11.2461
129.5780 2.7383 11.8819
8.7461 18.1785 11.3098
146.8014 130.1816 13.4426
21.5024 173.1653 10.8674
34.2319 76.0583 13.7745
134.0870 126.0176 9.9693
162.3118 119.1705 12.1998
135.5331 83.0398 10.9182
167.4816 39.9956 12.3715
91.5448 36.8082 12.5988
23.8364 151.4701 12.7867
65.9903 60.9501 13.4119
83.0172 11.0530 13.6587
76.5173 161.5217 12.6298
171.4951 99.5381 9.4513
158.4752 157.0778 11.5599
112.0190 88.5123 13.0964
124.5877 162.7545 13.9105
104.9616 43.1649 11.7126
79.9154 44.8493 12.3141
30.6570 33.0441 11.1098
5.6348 22.7579 11.3258
105.6532 157.8871 11.4088
109.2977 51.2826 12.6049
8.8977 43.2333 11.4303
88.9497 122.6231 12.9124
154.8577 150.2917 10.3016
117.8689 38.6399 11.6290
53.6189 74.2206 11.0027
58.7657 199.1301 12.1538
38.9521 68.1088 11.4967
48.2362 166.1561 12.9166
106.9865 50.2875 13.5150
33.7771 192.2762 12.7159
106.7159 8.7464 12.3506
0